user1,80,85,100
user2,96,100,100
user3,54,83,98
user4,80,98,98
user5,90,92,91
user6,84,78,82
user7,79,100,96
user8,88,92,92
user9,98,73,72
user10,75,84,85
user11,92,100,96
user12,96,92,90
user13,99,76,91
user14,75,82,88
user15,90,94,94
user16,54,84,87
user17,92,89,62
user18,88,94,97
user19,42,99,80
user20,70,98,70
user21,94,78,83
user22,52,73,87
user23,94,88,72
user24,70,73,80
user25,95,84,90
user26,95,88,84
user27,75,97,89
user28,49,81,86
user29,83,72,80
user30,75,73,88
user31,79,82,76
user32,100,77,89
user33,88,63,79
user34,100,50,86
user35,55,96,84
user36,92,74,77
user37,97,50,73
